2.229e+06
1.29903e+06
756142
889859
4.60387e+06
2.74826e+06
1.63098e+06
1.0538e+06
3.00729e+06
1.89905e+06
2.65855e+06
4.06832e+06
2.86644e+06
1.22255e+07
8.65281e+06
1.93379e+07
6.29229e+06
1.8412e+07
8.98829e+06
2.78416e+07
1.22792e+07
2.36091e+07
1.96561e+07
1.08619e+07
3.07157e+07
2.94734e+06
2.25227e+06
6.37491e+06
5.66723e+06
7.34372e+06
4.40299e+06
2.04496e+07
3.2867e+07
2.35348e+07
2.83697e+07
5.65665e+07
1.22616e+07
1.36987e+07
1.03181e+07
3.75196e+06
2.72305e+06
8.87349e+06
9.77956e+06
6.19169e+06
3.90123e+06
1.63025e+07
2.13212e+07
9.09358e+06
9.20664e+06
1.82035e+07
2.88797e+07
1.99492e+07
1.12249e+07
3.84826e+06
5.28172e+06
8.35998e+06
6.07132e+06
5.99235e+07
9.31808e+07
3.47659e+07
1.01378e+07
1.01304e+08
9.56096e+06
1.32751e+08
1.50935e+07
2.28182e+07
1.73308e+07
