222900
94707.6
93182.7
88985.9
460387
232739
138225
105380
190579
132326
156609
296966
315308
569515
605697
786169
566306
1.05993e+06
898829
1.10012e+06
1.35071e+06
1.10143e+06
1.96561e+06
1.08619e+06
1.2696e+06
328375
343921
637491
566723
604824
615745
1.02248e+06
1.31468e+06
2.35348e+06
1.36816e+06
1.13133e+06
1.22616e+06
1.36987e+06
1.03181e+06
293139
330737
887349
488978
720567
554954
1.09835e+06
1.27927e+06
909358
920664
1.15954e+06
2.02158e+06
986497
1.12249e+06
307861
282882
584792
607132
599235
515744
3.47659e+06
1.01378e+06
1.01304e+06
956096
1.32751e+06
1.50935e+06
912729
866538
